1000 1000 5
1 2
1 3
2 4
1 5
1 6
5 7
3 8
5 9
7 10
6 11
9 12
6 13
13 14
13 15
11 16
3 17
6 18
1 19
10 20
10 21
10 22
12 23
22 24
16 25
2 26
25 27
10 28
22 29
22 30
3 31
24 32
13 33
28 34
23 35
14 36
2 37
33 38
7 39
20 40
10 41
17 42
36 43
24 44
34 45
29 46
13 47
20 48
39 49
9 50
21 51
21 52
38 53
36 54
19 55
39 56
43 57
30 58
7 59
5 60
25 61
54 62
38 63
39 64
32 65
20 66
41 67
51 68
56 69
21 70
2 71
49 72
36 73
67 74
56 75
51 76
44 77
14 78
37 79
45 80
56 81
1 82
35 83
18 84
34 85
61 86
62 87
35 88
52 89
78 90
90 91
67 92
41 93
20 94
81 95
62 96
79 97
21 98
33 99
35 100
4 101
37 102
62 103
6 104
75 105
101 106
86 107
95 108
66 109
50 110
26 111
70 112
6 113
45 114
108 115
112 116
84 117
10 118
87 119
86 120
33 121
120 122
63 123
88 124
90 125
68 126
23 127
6 128
60 129
29 130
5 131
74 132
28 133
20 134
9 135
73 136
127 137
37 138
95 139
95 140
26 141
88 142
89 143
26 144
1 145
16 146
94 147
44 148
131 149
26 150
134 151
143 152
132 153
91 154
38 155
155 156
132 157
148 158
100 159
106 160
134 161
63 162
123 163
132 164
145 165
46 166
41 167
72 168
144 169
156 170
62 171
123 172
78 173
142 174
146 175
32 176
25 177
113 178
51 179
164 180
95 181
126 182
157 183
38 184
179 185
98 186
186 187
163 188
159 189
115 190
74 191
125 192
76 193
135 194
163 195
64 196
91 197
87 198
184 199
189 200
70 201
54 202
137 203
109 204
72 205
205 206
188 207
123 208
207 209
195 210
119 211
196 212
131 213
8 214
102 215
2 216
55 217
129 218
101 219
6 220
75 221
18 222
138 223
46 224
176 225
135 226
197 227
59 228
7 229
62 230
222 231
37 232
120 233
209 234
163 235
181 236
78 237
134 238
188 239
81 240
209 241
26 242
208 243
9 244
133 245
103 246
119 247
223 248
81 249
166 250
213 251
105 252
236 253
219 254
150 255
59 256
209 257
68 258
86 259
23 260
159 261
69 262
189 263
163 264
16 265
111 266
117 267
207 268
262 269
190 270
118 271
108 272
128 273
164 274
172 275
127 276
260 277
214 278
197 279
201 280
95 281
157 282
281 283
13 284
198 285
86 286
75 287
187 288
270 289
155 290
157 291
287 292
256 293
268 294
117 295
155 296
269 297
86 298
65 299
130 300
222 301
128 302
45 303
150 304
60 305
224 306
305 307
272 308
56 309
106 310
301 311
307 312
290 313
151 314
59 315
11 316
205 317
230 318
47 319
274 320
9 321
312 322
322 323
154 324
62 325
174 326
274 327
305 328
183 329
96 330
216 331
128 332
288 333
215 334
172 335
71 336
37 337
152 338
25 339
312 340
28 341
78 342
247 343
84 344
147 345
331 346
306 347
19 348
289 349
112 350
84 351
31 352
128 353
222 354
67 355
113 356
126 357
189 358
64 359
220 360
318 361
174 362
271 363
150 364
110 365
40 366
287 367
222 368
27 369
297 370
308 371
98 372
142 373
337 374
365 375
48 376
272 377
122 378
320 379
271 380
130 381
201 382
259 383
85 384
53 385
338 386
320 387
329 388
370 389
253 390
235 391
240 392
282 393
258 394
162 395
124 396
122 397
176 398
229 399
211 400
334 401
113 402
394 403
252 404
121 405
261 406
343 407
81 408
323 409
154 410
295 411
152 412
412 413
349 414
390 415
251 416
167 417
366 418
123 419
311 420
123 421
25 422
234 423
368 424
419 425
349 426
206 427
307 428
122 429
103 430
77 431
341 432
94 433
346 434
145 435
108 436
117 437
354 438
395 439
37 440
394 441
7 442
440 443
327 444
239 445
110 446
274 447
26 448
405 449
94 450
100 451
326 452
1 453
409 454
397 455
211 456
89 457
22 458
206 459
212 460
420 461
117 462
439 463
164 464
28 465
56 466
297 467
186 468
113 469
195 470
397 471
222 472
62 473
261 474
133 475
146 476
195 477
215 478
77 479
378 480
257 481
396 482
205 483
272 484
189 485
75 486
231 487
260 488
371 489
279 490
324 491
476 492
342 493
153 494
64 495
392 496
22 497
162 498
48 499
181 500
147 501
256 502
36 503
336 504
120 505
281 506
75 507
308 508
284 509
245 510
97 511
432 512
106 513
197 514
18 515
352 516
205 517
439 518
226 519
43 520
3 521
207 522
363 523
389 524
462 525
199 526
218 527
470 528
349 529
427 530
408 531
527 532
210 533
408 534
97 535
304 536
62 537
529 538
504 539
71 540
498 541
527 542
256 543
488 544
527 545
141 546
510 547
338 548
206 549
436 550
516 551
421 552
8 553
64 554
401 555
246 556
422 557
47 558
196 559
115 560
145 561
100 562
381 563
141 564
158 565
5 566
312 567
278 568
185 569
500 570
548 571
131 572
409 573
350 574
21 575
417 576
434 577
20 578
312 579
391 580
576 581
520 582
417 583
163 584
154 585
175 586
25 587
362 588
272 589
306 590
204 591
499 592
162 593
384 594
462 595
457 596
378 597
443 598
141 599
593 600
370 601
115 602
439 603
137 604
533 605
587 606
194 607
568 608
17 609
299 610
362 611
36 612
228 613
381 614
71 615
158 616
33 617
2 618
349 619
318 620
578 621
517 622
1 623
11 624
560 625
499 626
423 627
263 628
88 629
25 630
444 631
237 632
351 633
382 634
386 635
395 636
506 637
637 638
436 639
104 640
622 641
139 642
298 643
414 644
552 645
53 646
644 647
636 648
453 649
39 650
126 651
482 652
142 653
216 654
638 655
398 656
11 657
312 658
323 659
361 660
435 661
296 662
517 663
454 664
562 665
197 666
417 667
365 668
656 669
304 670
39 671
635 672
232 673
408 674
314 675
36 676
93 677
398 678
676 679
58 680
78 681
44 682
365 683
478 684
622 685
103 686
361 687
5 688
339 689
520 690
274 691
526 692
319 693
609 694
352 695
429 696
481 697
12 698
667 699
419 700
79 701
598 702
531 703
71 704
286 705
31 706
690 707
165 708
195 709
160 710
125 711
182 712
452 713
352 714
102 715
232 716
352 717
332 718
577 719
439 720
105 721
472 722
474 723
677 724
503 725
461 726
721 727
153 728
621 729
560 730
6 731
689 732
719 733
733 734
267 735
530 736
434 737
592 738
588 739
634 740
355 741
445 742
371 743
191 744
118 745
344 746
66 747
432 748
726 749
552 750
323 751
268 752
667 753
540 754
65 755
439 756
477 757
81 758
10 759
319 760
439 761
739 762
462 763
386 764
412 765
156 766
233 767
58 768
579 769
683 770
213 771
102 772
499 773
510 774
100 775
726 776
142 777
253 778
260 779
157 780
602 781
303 782
405 783
734 784
330 785
362 786
669 787
9 788
660 789
776 790
598 791
53 792
533 793
410 794
768 795
47 796
570 797
509 798
36 799
646 800
528 801
707 802
228 803
542 804
604 805
639 806
738 807
633 808
787 809
547 810
786 811
573 812
738 813
343 814
540 815
15 816
710 817
38 818
104 819
177 820
68 821
559 822
492 823
46 824
633 825
615 826
788 827
156 828
433 829
665 830
212 831
568 832
667 833
581 834
655 835
693 836
498 837
390 838
613 839
752 840
581 841
500 842
225 843
238 844
424 845
79 846
279 847
774 848
591 849
222 850
356 851
272 852
380 853
68 854
416 855
360 856
617 857
416 858
629 859
74 860
93 861
51 862
729 863
158 864
483 865
361 866
588 867
220 868
466 869
633 870
133 871
684 872
316 873
402 874
34 875
693 876
666 877
778 878
524 879
849 880
277 881
162 882
871 883
313 884
222 885
353 886
684 887
555 888
230 889
730 890
577 891
782 892
178 893
827 894
630 895
748 896
743 897
586 898
555 899
574 900
122 901
874 902
556 903
152 904
296 905
482 906
97 907
510 908
726 909
286 910
90 911
27 912
40 913
760 914
91 915
167 916
53 917
17 918
266 919
15 920
201 921
40 922
764 923
317 924
296 925
325 926
291 927
650 928
489 929
226 930
620 931
781 932
91 933
439 934
599 935
361 936
201 937
283 938
29 939
306 940
278 941
263 942
326 943
363 944
904 945
662 946
72 947
526 948
349 949
754 950
10 951
421 952
632 953
755 954
827 955
414 956
483 957
408 958
865 959
268 960
871 961
602 962
823 963
257 964
682 965
385 966
672 967
952 968
823 969
444 970
718 971
13 972
776 973
912 974
698 975
765 976
326 977
370 978
834 979
837 980
234 981
41 982
820 983
42 984
716 985
586 986
878 987
589 988
763 989
329 990
202 991
139 992
771 993
505 994
398 995
49 996
129 997
46 998
694 999
537 1000
258 290 794
865 667 470
997 316 394
139 74 223
134 25 112
610 927 273
238 262 138
334 42 570
322 491 564
293 120 694
185 885 62
539 876 96
153 219 122
889 630 358
444 517 422
327 11 110
413 32 439
103 799 230
872 58 947
597 177 983
981 607 570
573 487 273
773 294 415
223 819 198
127 73 344
28 9 94
132 252 873
688 547 812
168 64 552
398 654 987
285 942 240
92 414 604
114 933 895
964 670 561
42 508 590
436 582 525
406 212 76
198 254 761
732 917 550
956 984 303
123 44 535
419 881 462
349 274 785
350 96 961
774 857 878
282 210 757
646 200 534
347 740 842
594 700 537
370 585 802
905 294 825
8 791 246
297 501 375
79 668 356
450 263 222
47 711 794
972 510 7
829 489 475
154 817 117
880 561 938
392 43 116
321 25 120
133 678 984
607 556 786
882 872 476
964 686 612
293 978 115
398 587 75
469 114 184
27 912 605
550 278 660
198 784 376
242 242 321
21 613 190
252 132 644
817 909 281
711 575 440
347 208 982
290 723 853
98 988 807
251 876 695
166 789 331
908 653 485
705 635 1
265 505 959
661 122 39
471 782 713
809 568 77
771 820 698
374 655 339
632 303 501
851 476 730
50 818 786
150 89 994
499 931 660
584 237 45
811 10 561
691 819 425
158 384 651
867 380 586
532 987 939
625 519 157
749 986 587
580 617 532
647 527 89
11 388 540
14 68 695
203 331 280
30 151 288
220 185 1000
120 199 315
580 869 854
184 271 890
69 257 849
128 503 6
415 29 792
220 492 747
177 319 713
77 780 218
491 407 272
732 797 614
711 709 893
214 342 169
443 955 933
252 167 417
503 807 930
160 948 330
641 794 325
715 333 615
704 429 262
724 965 213
993 847 736
57 551 62
177 402 544
984 720 939
856 875 708
714 809 768
37 767 33
277 504 474
550 441 220
122 55 349
459 803 788
177 243 880
953 405 182
834 375 465
391 95 315
798 261 646
179 127 204
986 958 986
370 909 780
804 384 623
310 228 954
167 7 254
89 105 811
995 918 441
966 566 25
367 257 242
116 84 864
955 481 84
783 707 387
659 599 94
836 901 12
831 82 529
473 404 479
997 917 488
449 992 207
976 360 348
168 168 887
227 617 190
20 100 189
894 987 853
512 992 567
867 920 768
746 904 402
637 744 300
72 68 343
511 986 61
178 198 850
62 231 836
117 214 556
411 399 301
337 411 718
555 994 306
874 478 588
28 403 480
562 93 923
55 136 45
813 406 224
324 951 549
539 694 740
861 251 336
949 743 342
276 113 125
117 873 26
465 982 199
83 372 503
633 894 66
636 435 666
276 522 702
590 549 709
842 255 482
79 300 920
404 946 648
986 960 288
937 305 368
577 734 442
971 21 815
490 851 82
241 449 222
752 253 271
583 835 344
893 573 673
671 471 300
757 753 320
298 747 201
718 589 221
444 408 452
621 944 990
923 755 118
456 403 482
537 274 1
286 823 46
150 481 688
770 47 958
372 795 597
853 546 586
663 265 463
374 599 998
963 987 699
207 442 217
37 863 217
656 525 166
624 570 373
142 999 833
789 167 780
716 992 320
492 236 958
102 415 587
20 434 225
151 889 654
150 419 251
400 438 320
169 851 882
946 922 578
894 221 342
502 271 154
371 746 502
844 675 789
181 64 931
791 954 932
575 120 898
911 388 21
680 946 783
148 294 885
157 899 66
37 282 356
933 37 533
316 841 130
76 420 737
444 836 126
549 89 900
828 437 236
242 470 598
294 350 907
275 492 422
34 622 466
553 321 111
757 800 637
788 127 562
827 474 63
919 311 818
463 839 275
240 866 356
147 720 669
381 942 802
566 741 335
536 698 700
493 941 867
635 367 424
642 61 580
416 185 812
570 675 133
970 925 570
970 186 267
519 383 758
574 106 603
122 434 192
7 561 7
46 614 790
816 772 332
638 517 541
235 132 551
973 331 700
746 716 106
708 472 803
898 192 627
444 491 22
922 383 513
113 664 378
175 393 418
265 859 419
144 615 868
173 485 675
994 269 210
990 301 274
752 91 384
995 125 96
583 879 208
541 807 861
304 611 885
861 955 206
969 830 539
198 364 753
957 451 672
517 524 191
504 293 684
8 392 7
131 133 390
47 53 505
96 211 503
974 544 520
99 309 718
965 750 339
468 830 439
309 696 580
98 215 61
315 731 353
251 740 678
116 352 164
406 988 367
101 341 958
112 683 108
691 704 450
795 645 851
118 523 666
239 498 146
679 315 877
247 799 295
466 302 164
606 248 734
645 913 66
97 73 478
110 124 114
73 971 193
981 577 543
153 882 487
71 85 991
698 732 934
426 247 594
507 654 447
601 460 237
112 241 93
623 689 10
181 746 48
890 967 467
175 947 160
420 935 236
603 46 643
78 81 257
832 826 69
217 635 673
823 699 348
364 615 401
793 109 125
858 630 558
878 550 868
921 729 152
159 759 587
837 741 333
400 884 324
3 963 46
554 895 184
608 851 466
456 759 927
513 461 203
666 463 422
631 272 272
165 360 512
241 966 307
280 127 187
844 610 494
975 821 589
451 559 180
863 179 608
536 458 613
812 101 244
925 599 437
700 258 889
730 657 579
869 961 173
310 858 81
818 801 87
549 980 437
780 38 471
735 870 133
450 712 156
583 69 864
376 953 390
582 680 286
338 571 694
559 563 177
948 642 389
494 252 423
965 165 567
215 308 430
244 205 592
100 819 17
851 728 763
419 513 932
201 301 76
547 577 652
522 471 882
288 610 203
462 498 642
163 527 614
548 696 232
433 803 512
18 484 153
869 198 866
162 676 235
614 702 202
624 817 514
690 900 883
777 698 444
551 106 711
621 548 914
725 843 752
395 900 89
400 308 167
162 118 131
934 151 11
592 831 977
885 236 241
898 698 35
273 895 149
77 465 393
504 203 845
285 659 144
431 488 892
966 406 334
488 371 507
741 377 203
260 214 945
8 52 892
877 534 130
248 885 508
369 811 75
529 449 805
906 219 723
255 193 86
899 204 312
762 177 77
546 534 448
717 180 380
195 17 277
277 996 973
606 974 47
427 28 779
63 621 732
19 375 853
942 404 788
154 485 881
409 958 990
129 187 303
727 298 494
227 858 269
199 743 722
516 340 144
540 385 976
451 474 801
668 795 188
737 354 914
392 999 652
698 284 844
333 827 745
633 989 664
219 368 667
733 358 868
534 292 659
396 845 752
187 52 632
17 387 212
942 874 208
244 568 799
485 848 342
347 491 489
400 521 137
973 160 857
972 392 902
13 608 99
692 716 952
956 444 807
330 501 190
467 366 281
270 582 449
852 502 189
405 595 200
413 259 261
270 529 740
680 397 572
716 862 607
39 408 321
336 573 58
821 644 92
90 93 319
791 279 881
933 418 254
374 771 542
178 254 421
902 933 482
722 888 486
366 205 384
684 420 149
538 178 467
143 655 627
432 258 985
879 502 123
834 831 411
250 994 590
755 869 632
776 480 492
699 599 834
541 457 700
452 9 887
707 743 358
794 482 443
846 846 403
363 88 973
415 288 222
442 830 873
239 110 285
282 77 163
607 570 201
160 631 777
726 84 372
570 795 886
182 429 525
708 568 120
981 642 79
679 717 446
178 34 681
930 35 422
292 490 933
118 832 134
213 220 322
785 470 642
93 811 816
926 486 492
40 278 248
619 686 256
985 454 555
205 252 490
322 134 169
310 945 175
218 59 135
764 39 694
8 434 420
185 191 95
833 238 355
884 474 414
357 313 256
498 217 666
305 159 771
809 419 607
884 140 207
814 949 321
563 170 331
263 544 127
676 327 422
874 457 298
772 44 468
148 444 729
667 474 254
41 726 536
508 719 630
30 479 17
926 732 32
695 495 995
601 727 894
638 557 679
465 889 156
29 954 144
444 956 978
300 653 976
322 330 579
636 6 404
546 90 363
763 101 99
659 37 23
343 262 508
758 287 603
640 404 88
240 454 600
803 398 56
117 540 256
599 761 400
709 366 520
122 580 113
570 335 392
342 842 536
452 114 225
216 504 79
427 751 309
853 472 782
582 271 93
348 711 751
396 241 538
100 345 473
456 939 223
242 669 708
691 674 159
23 910 107
976 975 201
976 402 581
68 525 826
712 863 217
128 819 509
207 6 799
798 6 591
795 828 478
875 713 264
788 872 500
213 952 930
247 69 228
246 270 380
551 67 995
74 699 507
762 340 236
265 502 253
555 378 160
601 121 265
709 90 720
566 735 215
630 991 55
905 243 666
249 848 198
649 280 902
850 871 772
882 383 338
793 383 990
769 979 438
605 504 662
834 508 546
618 514 375
886 871 484
493 205 541
360 456 323
272 659 998
732 666 269
55 889 801
997 616 435
818 987 944
663 550 918
465 67 429
623 769 216
248 878 649
200 99 788
670 482 522
489 902 395
723 926 317
295 965 965
9 841 248
576 42 687
429 672 871
482 910 807
53 61 281
223 425 243
34 452 71
389 55 832
131 956 151
422 281 500
269 225 481
10 458 285
461 232 129
950 509 863
735 472 51
300 843 559
267 717 386
657 245 253
46 264 454
766 783 76
483 391 778
848 847 919
338 107 575
521 564 514
901 73 736
548 706 61
884 455 824
799 891 617
358 154 143
657 372 202
218 887 578
265 331 201
661 640 471
784 882 723
726 883 69
768 439 178
852 41 439
77 783 616
982 69 771
811 610 251
664 896 680
609 40 522
80 486 441
964 601 742
764 645 77
480 6 93
534 186 671
880 777 194
802 161 714
662 660 120
720 351 841
39 90 905
995 505 258
270 748 244
169 387 726
504 467 259
744 752 404
843 236 89
556 639 39
145 375 27
553 618 824
91 382 79
527 958 692
198 872 185
109 319 6
577 855 388
519 539 747
937 130 175
435 589 671
842 391 305
414 243 634
481 818 977
40 721 535
330 499 690
242 463 22
821 408 614
665 560 170
240 750 630
415 653 580
475 330 836
258 169 974
376 438 524
679 575 303
229 818 636
599 781 232
400 253 176
368 556 714
924 131 346
995 842 731
429 566 948
358 950 8
520 823 937
622 972 390
519 859 122
241 404 370
374 555 892
308 62 268
370 755 257
194 905 456
603 870 175
178 384 282
647 513 934
497 885 962
457 551 575
203 409 131
610 2 782
162 435 425
415 191 776
820 47 231
102 78 969
161 475 553
798 782 686
148 245 621
934 354 250
235 41 801
193 745 447
808 492 622
821 117 732
142 174 901
349 355 415
77 254 787
129 177 847
546 429 259
74 586 939
278 31 665
348 83 299
498 625 756
97 509 979
327 997 59
948 38 932
525 925 636
327 629 154
962 594 807
67 460 536
873 508 869
353 305 992
986 575 734
233 629 133
481 131 809
985 573 930
158 435 13
544 445 550
29 316 870
512 109 392
335 69 729
233 617 944
931 69 718
660 493 111
869 239 738
102 745 496
941 168 78
907 868 553
694 75 726
528 515 712
842 260 974
601 26 386
128 171 864
739 918 218
744 84 498
232 790 549
360 356 185
926 198 268
217 758 312
542 149 687
635 947 872
127 200 85
332 688 131
275 39 994
804 938 382
118 197 567
695 494 614
410 187 916
806 381 964
105 195 686
892 439 316
608 214 281
340 729 376
609 705 207
633 194 254
764 463 239
998 108 589
491 667 997
291 299 542
215 862 601
511 963 10
346 766 32
357 378 691
836 117 534
588 256 901
763 421 431
508 77 517
593 150 227
718 547 768
753 701 913
902 317 163
854 719 182
83 659 635
834 821 127
139 600 562
886 411 957
961 932 428
554 794 700
68 685 936
444 50 103
396 259 460
231 24 863
163 709 177
336 162 969
498 953 723
621 604 200
739 632 266
51 599 501
452 213 415
987 994 401
265 158 627
447 153 310
238 285 647
366 386 320
898 168 297
851 844 167
274 710 846
245 463 827
558 502 468
93 501 780
298 850 470
940 282 539
676 194 453
209 707 345
628 506 577
877 228 684
406 484 484
569 931 778
650 92 767
820 706 940
720 80 760
550 648 459
833 7 37
819 749 674
269 518 712
199 481 449
569 573 474
270 34 337
42 120 729
935 157 705
686 225 543
503 494 750
479 634 871
268 788 185
246 817 191
741 797 574
970 229 337
662 39 204
75 213 468
456 269 236
277 84 207
132 451 961
418 721 35
136 878 306
26 428 567
261 24 782
397 520 946
464 516 118
789 181 648
806 648 800
645 362 145
637 263 415
234 502 886
528 853 319
452 816 926
748 537 655
249 929 678
725 627 697
129 133 109
547 913 596
726 538 435
10 704 956
660 303 303
702 288 258
629 518 546
366 209 177
252 671 504
150 393 124
237 610 170
924 774 861
614 238 463
117 485 363
827 386 631
367 767 273
216 256 753
285 463 702
137 811 776
540 896 397
950 989 382
178 597 731
256 131 383
28 930 817
845 862 312
717 456 581
892 224 536
890 779 84
165 902 288
882 212 447
918 534 573
770 680 440
411 50 723
349 971 903
207 285 601
275 889 958
607 633 413
697 847 551
722 899 194
758 550 919
330 671 532
177 142 16
290 110 812
935 736 955
484 975 454
699 809 89
446 565 603
12 682 365
484 424 223
394 216 935
122 48 472
213 89 159
120 762 221
123 271 933
86 837 680
227 912 370
31 584 101
443 621 150
596 269 520
716 384 217
781 736 212
231 415 632
405 990 628
374 720 87
230 378 422
867 136 52
60 674 793
