98
1
1
271
530
1
1
196
438
31
319
136
70
241
236
144
234
260
294
397
336
9
1
24
248
53
99
1
102
1
284
1
785
207
9
95
802
603
313
77
412
1
1
287
180
1
175
1
1
1
338
9
2
1
283
280
8
1
1
215
3
92
1
85
1
107
423
1
158
281
81
1
98
1
1
2
164
1
325
268
322
1
98
241
1
1
1
1
471
3
192
1
165
310
1
1
174
26
345
85
41
1
246
61
44
1
59
1
1
147
1
1
358
1
1
307
396
1
1
1
1
658
1
1
1
1
337
387
1
573
1
426
1
127
304
111
1
452
238
319
290
65
115
453
488
86
369
23
16
1
1
1
163
58
1
1
1
65
121
64
231
1
1
1
1
1
1
135
373
1
1
38
83
110
476
237
54
1
34
305
280
509
503
1
185
1
201
621
88
1
11
33
368
1
1
508
81
299
93
1
653
1
1
1
1
1
142
1
1
193
41
501
1
1
348
709
1
1
141
27
235
344
141
56
13
70
51
158
462
1
463
45
7
486
136
366
671
49
1
1
552
368
1
144
634
586
365
418
564
149
1
470
1
332
322
1
341
300
166
25
1
103
234
199
31
656
686
1
1
1
333
310
425
1
1
358
54
1
1
1
1
128
132
365
1
51
311
618
464
681
221
83
154
1
260
196
1
1
78
1
156
417
1
1
96
15
61
132
1
231
569
322
318
1
20
1
1
124
1
1
252
1
1
561
427
1
1
100
98
1
404
89
59
534
410
197
431
1
316
172
470
1
309
1
1
249
1
1
197
210
424
1
188
1
29
105
1
369
57
1
284
210
14
603
1
142
1
1
1
1
1
1
110
47
1
520
377
344
1
380
28
216
387
541
108
506
1
30
1
1
1
111
1
1
37
1
1
182
223
227
1
1
1
1
1
267
942
50
493
1
201
378
1
1
1
1
244
1
1
81
28
48
338
570
57
1
1
116
1
1
81
38
665
170
1
1
816
1
82
361
1
138
1
168
199
116
301
192
417
1
540
36
74
82
313
192
384
713
181
1
1
1
254
204
218
1
23
671
1
208
1
201
1
475
1
395
1
1
365
5
1
204
1
299
230
1
385
84
1
551
29
4
1
35
731
549
1
229
418
428
85
1
263
1
184
357
62
737
29
1
89
136
626
1
456
544
165
225
67
1
77
56
296
1
644
3
1
54
1
41
104
246
3
161
1
80
111
369
161
217
22
1
396
1
1
377
316
1
463
475
180
716
325
258
36
1
463
1
1
1
129
274
1
1
1
1
1
598
146
626
1
1
192
1
228
239
340
497
170
1
355
360
128
1
100
647
53
100
296
1
192
6
1
1
846
113
407
110
265
1
1
143
1
1
1
1
177
1
305
1
6
32
304
1
182
238
1
311
198
1
1
92
318
1
171
26
1
1
150
245
66
143
405
270
1
220
1
11
1
299
1
255
162
92
415
1
802
132
1
138
1
517
44
265
147
265
504
40
633
136
1
7
224
1
154
1
331
433
399
158
1
157
298
172
1
38
185
152
438
534
1
182
390
319
96
1
1
275
1
1
1
623
25
307
12
421
283
153
1
389
1
244
268
286
729
308
1
1
1
1
1
114
711
363
1
36
322
282
1
216
231
186
10
1
28
1
69
278
1
1
500
1
762
1
1
1
1
1
451
567
559
186
1
250
166
1
600
104
63
1
1
214
1
1
497
1
1
92
134
60
1
1
672
387
174
161
685
659
1
1
347
332
1
1
1
64
125
1
169
99
115
175
1
215
6
1
212
422
66
409
698
568
456
1
204
101
1
275
212
598
243
227
381
145
351
550
274
337
482
34
16
159
1
109
304
139
371
1
1
447
107
1
220
92
93
1
777
161
1
270
1
109
1
133
34
1
81
365
150
1
46
1
1
575
1
431
1
200
1
1
83
466
1
11
1
1
298
1
326
1
1
54
1
1
602
697
57
1
123
750
1
462
1
77
255
137
1
256
63
17
155
1
86
521
1
531
453
320
1
230
1
1
371
328
170
500
498
1
674
185
32
364
698
172
402
1
1
1
44
86
1
1
73
1
230
1
712
463
1
842
108
764
158
1
118
1
274
329
351
173
243
44
321
215
23
561
25
1
1
1
1
1
227
4
147
18
1
495
289
1
577
643
1
72
308
1
68
54
1
187
425
1
33
307
61
43
233
396
1
315
342
1
1
239
1
120
271
612
221
1
35
1
207
2
92
1
1
251
248
1
202
95
49
604
230
68
1
478
184
2
