1000 1000 12
1 2
2 3
3 4
4 5
5 6
6 7
7 8
8 9
9 10
10 11
11 12
12 13
13 14
14 15
15 16
16 17
17 18
18 19
19 20
20 21
21 22
22 23
23 24
24 25
25 26
26 27
27 28
28 29
29 30
30 31
31 32
32 33
33 34
34 35
35 36
36 37
37 38
38 39
39 40
40 41
41 42
42 43
43 44
44 45
45 46
46 47
47 48
48 49
49 50
50 51
51 52
52 53
53 54
54 55
55 56
56 57
57 58
58 59
59 60
60 61
61 62
62 63
63 64
64 65
65 66
66 67
67 68
68 69
69 70
70 71
71 72
72 73
73 74
74 75
75 76
76 77
77 78
78 79
79 80
80 81
81 82
82 83
83 84
84 85
85 86
86 87
87 88
88 89
89 90
90 91
91 92
92 93
93 94
94 95
95 96
96 97
97 98
98 99
99 100
100 101
101 102
102 103
103 104
104 105
105 106
106 107
107 108
108 109
109 110
110 111
111 112
112 113
113 114
114 115
115 116
116 117
117 118
118 119
119 120
120 121
121 122
122 123
123 124
124 125
125 126
126 127
127 128
128 129
129 130
130 131
131 132
132 133
133 134
134 135
135 136
136 137
137 138
138 139
139 140
140 141
141 142
142 143
143 144
144 145
145 146
146 147
147 148
148 149
149 150
150 151
151 152
152 153
153 154
154 155
155 156
156 157
157 158
158 159
159 160
160 161
161 162
162 163
163 164
164 165
165 166
166 167
167 168
168 169
169 170
170 171
171 172
172 173
173 174
174 175
175 176
176 177
177 178
178 179
179 180
180 181
181 182
182 183
183 184
184 185
185 186
186 187
187 188
188 189
189 190
190 191
191 192
192 193
193 194
194 195
195 196
196 197
197 198
198 199
199 200
200 201
201 202
202 203
203 204
204 205
205 206
206 207
207 208
208 209
209 210
210 211
211 212
212 213
213 214
214 215
215 216
216 217
217 218
218 219
219 220
220 221
221 222
222 223
223 224
224 225
225 226
226 227
227 228
228 229
229 230
230 231
231 232
232 233
233 234
234 235
235 236
236 237
237 238
238 239
239 240
240 241
241 242
242 243
243 244
244 245
245 246
246 247
247 248
248 249
249 250
250 251
251 252
252 253
253 254
254 255
255 256
256 257
257 258
258 259
259 260
260 261
261 262
262 263
263 264
264 265
265 266
266 267
267 268
268 269
269 270
270 271
271 272
272 273
273 274
274 275
275 276
276 277
277 278
278 279
279 280
280 281
281 282
282 283
283 284
284 285
285 286
286 287
287 288
288 289
289 290
290 291
291 292
292 293
293 294
294 295
295 296
296 297
297 298
298 299
299 300
300 301
301 302
302 303
303 304
304 305
305 306
306 307
307 308
308 309
309 310
310 311
311 312
312 313
313 314
314 315
315 316
316 317
317 318
318 319
319 320
320 321
321 322
322 323
323 324
324 325
325 326
326 327
327 328
328 329
329 330
330 331
331 332
332 333
333 334
334 335
335 336
336 337
337 338
338 339
339 340
340 341
341 342
342 343
343 344
344 345
345 346
346 347
347 348
348 349
349 350
350 351
351 352
352 353
353 354
354 355
355 356
356 357
357 358
358 359
359 360
360 361
361 362
362 363
363 364
364 365
365 366
366 367
367 368
368 369
369 370
370 371
371 372
372 373
373 374
374 375
375 376
376 377
377 378
378 379
379 380
380 381
381 382
382 383
383 384
384 385
385 386
386 387
387 388
388 389
389 390
390 391
391 392
392 393
393 394
394 395
395 396
396 397
397 398
398 399
399 400
400 401
401 402
402 403
403 404
404 405
405 406
406 407
407 408
408 409
409 410
410 411
411 412
412 413
413 414
414 415
415 416
416 417
417 418
418 419
419 420
420 421
421 422
422 423
423 424
424 425
425 426
426 427
427 428
428 429
429 430
430 431
431 432
432 433
433 434
434 435
435 436
436 437
437 438
438 439
439 440
440 441
441 442
442 443
443 444
444 445
445 446
446 447
447 448
448 449
449 450
450 451
451 452
452 453
453 454
454 455
455 456
456 457
457 458
458 459
459 460
460 461
461 462
462 463
463 464
464 465
465 466
466 467
467 468
468 469
469 470
470 471
471 472
472 473
473 474
474 475
475 476
476 477
477 478
478 479
479 480
480 481
481 482
482 483
483 484
484 485
485 486
486 487
487 488
488 489
489 490
490 491
491 492
492 493
493 494
494 495
495 496
496 497
497 498
498 499
499 500
500 501
501 502
502 503
503 504
504 505
505 506
506 507
507 508
508 509
509 510
510 511
511 512
512 513
513 514
514 515
515 516
516 517
517 518
518 519
519 520
520 521
521 522
522 523
523 524
524 525
525 526
526 527
527 528
528 529
529 530
530 531
531 532
532 533
533 534
534 535
535 536
536 537
537 538
538 539
539 540
540 541
541 542
542 543
543 544
544 545
545 546
546 547
547 548
548 549
549 550
550 551
551 552
552 553
553 554
554 555
555 556
556 557
557 558
558 559
559 560
560 561
561 562
562 563
563 564
564 565
565 566
566 567
567 568
568 569
569 570
570 571
571 572
572 573
573 574
574 575
575 576
576 577
577 578
578 579
579 580
580 581
581 582
582 583
583 584
584 585
585 586
586 587
587 588
588 589
589 590
590 591
591 592
592 593
593 594
594 595
595 596
596 597
597 598
598 599
599 600
600 601
601 602
602 603
603 604
604 605
605 606
606 607
607 608
608 609
609 610
610 611
611 612
612 613
613 614
614 615
615 616
616 617
617 618
618 619
619 620
620 621
621 622
622 623
623 624
624 625
625 626
626 627
627 628
628 629
629 630
630 631
631 632
632 633
633 634
634 635
635 636
636 637
637 638
638 639
639 640
640 641
641 642
642 643
643 644
644 645
645 646
646 647
647 648
648 649
649 650
650 651
651 652
652 653
653 654
654 655
655 656
656 657
657 658
658 659
659 660
660 661
661 662
662 663
663 664
664 665
665 666
666 667
667 668
668 669
669 670
670 671
671 672
672 673
673 674
674 675
675 676
676 677
677 678
678 679
679 680
680 681
681 682
682 683
683 684
684 685
685 686
686 687
687 688
688 689
689 690
690 691
691 692
692 693
693 694
694 695
695 696
696 697
697 698
698 699
699 700
700 701
701 702
702 703
703 704
704 705
705 706
706 707
707 708
708 709
709 710
710 711
711 712
712 713
713 714
714 715
715 716
716 717
717 718
718 719
719 720
720 721
721 722
722 723
723 724
724 725
725 726
726 727
727 728
728 729
729 730
730 731
731 732
732 733
733 734
734 735
735 736
736 737
737 738
738 739
739 740
740 741
741 742
742 743
743 744
744 745
745 746
746 747
747 748
748 749
749 750
750 751
751 752
752 753
753 754
754 755
755 756
756 757
757 758
758 759
759 760
760 761
761 762
762 763
763 764
764 765
765 766
766 767
767 768
768 769
769 770
770 771
771 772
772 773
773 774
774 775
775 776
776 777
777 778
778 779
779 780
780 781
781 782
782 783
783 784
784 785
785 786
786 787
787 788
788 789
789 790
790 791
791 792
792 793
793 794
794 795
795 796
796 797
797 798
798 799
799 800
800 801
801 802
802 803
803 804
804 805
805 806
806 807
807 808
808 809
809 810
810 811
811 812
812 813
813 814
814 815
815 816
816 817
817 818
818 819
819 820
820 821
821 822
822 823
823 824
824 825
825 826
826 827
827 828
828 829
829 830
830 831
831 832
832 833
833 834
834 835
835 836
836 837
837 838
838 839
839 840
840 841
841 842
842 843
843 844
844 845
845 846
846 847
847 848
848 849
849 850
850 851
851 852
852 853
853 854
854 855
855 856
856 857
857 858
858 859
859 860
860 861
861 862
862 863
863 864
864 865
865 866
866 867
867 868
868 869
869 870
870 871
871 872
872 873
873 874
874 875
875 876
876 877
877 878
878 879
879 880
880 881
881 882
882 883
883 884
884 885
885 886
886 887
887 888
888 889
889 890
890 891
891 892
892 893
893 894
894 895
895 896
896 897
897 898
898 899
899 900
900 901
901 902
902 903
903 904
904 905
905 906
906 907
907 908
908 909
909 910
910 911
911 912
912 913
913 914
914 915
915 916
916 917
917 918
918 919
919 920
920 921
921 922
922 923
923 924
924 925
925 926
926 927
927 928
928 929
929 930
930 931
931 932
932 933
933 934
934 935
935 936
936 937
937 938
938 939
939 940
940 941
941 942
942 943
943 944
944 945
945 946
946 947
947 948
948 949
949 950
950 951
951 952
952 953
953 954
954 955
955 956
956 957
957 958
958 959
959 960
960 961
961 962
962 963
963 964
964 965
965 966
966 967
967 968
968 969
969 970
970 971
971 972
972 973
973 974
974 975
975 976
976 977
977 978
978 979
979 980
980 981
981 982
982 983
983 984
984 985
985 986
986 987
987 988
988 989
989 990
990 991
991 992
992 993
993 994
994 995
995 996
996 997
997 998
998 999
999 1000
908 811 915
869 781 311
801 458 62
191 461 91
125 660 131
996 773 82
487 381 278
482 677 215
446 9 880
702 672 769
978 215 533
846 116 251
344 643 574
389 149 406
337 648 413
386 563 420
187 436 203
267 811 552
845 367 660
556 160 615
27 653 318
922 930 449
108 555 881
237 868 845
324 64 311
944 996 223
286 188 475
386 874 982
610 711 530
225 437 678
854 343 626
205 298 328
917 133 925
178 384 148
706 714 345
540 446 674
908 107 987
731 67 669
325 13 635
664 740 189
769 358 969
589 621 624
972 458 6
552 181 467
85 264 81
677 670 657
927 247 421
39 92 506
21 163 964
720 695 249
450 914 577
260 402 394
709 710 365
432 867 884
613 331 833
304 25 670
450 457 58
174 189 849
223 225 625
38 623 409
373 371 678
848 708 799
865 742 432
630 5 89
102 447 844
397 252 358
2 884 462
963 263 144
342 739 582
623 325 605
950 485 565
231 406 464
938 841 958
24 113 314
923 62 6
851 852 159
740 577 747
304 481 879
86 948 624
203 495 228
499 159 480
303 248 163
123 26 971
697 937 505
845 361 353
774 804 847
731 521 315
177 501 938
139 893 423
323 321 875
402 593 218
750 638 316
173 337 52
517 208 895
105 320 342
900 565 138
879 706 930
797 1000 975
241 585 68
141 57 645
499 913 873
526 715 801
664 159 404
215 155 250
672 715 191
86 323 889
800 858 79
846 553 168
131 153 909
765 293 439
357 161 70
847 818 626
381 24 990
102 318 399
894 792 388
813 507 986
588 193 802
429 413 202
520 228 125
960 721 560
997 891 115
295 952 36
815 750 608
811 328 57
834 784 471
736 539 134
485 149 714
668 282 835
48 158 406
745 173 940
863 607 365
514 939 113
147 208 246
777 644 770
581 113 416
866 52 162
701 300 213
575 124 843
226 853 616
10 909 591
12 310 21
732 668 770
324 84 198
850 160 612
202 957 470
462 377 509
845 477 914
384 362 439
19 4 352
283 141 110
307 813 992
276 389 855
178 340 120
555 498 588
180 719 921
644 372 239
36 105 796
345 147 211
190 21 141
344 117 180
648 418 769
99 707 951
893 384 327
425 61 44
910 645 364
513 370 87
244 453 561
414 280 687
63 515 143
82 316 584
945 393 248
415 583 546
597 744 662
286 708 599
468 943 450
309 38 274
44 222 169
519 128 28
480 447 950
18 486 182
144 579 300
561 53 795
388 890 108
430 399 249
376 192 853
821 838 933
499 699 367
202 882 262
226 139 549
128 329 422
602 592 839
480 845 813
568 935 482
506 538 848
242 290 779
746 239 886
947 3 83
116 459 161
702 610 958
3 375 723
879 113 765
225 91 41
286 301 992
196 207 947
958 440 61
145 61 23
844 985 120
304 790 804
833 684 302
434 900 708
117 248 208
922 365 865
435 613 757
968 686 616
100 636 289
709 1 877
831 230 2
606 318 220
195 836 696
36 10 246
477 711 369
510 853 432
611 471 720
380 435 14
472 757 745
638 458 527
942 271 321
255 98 415
507 968 76
308 488 768
506 968 424
762 529 573
44 909 903
643 105 590
696 201 336
553 918 192
937 62 732
670 457 505
708 713 737
362 175 106
738 39 590
621 254 983
966 294 176
600 457 622
758 90 723
774 189 998
442 947 583
850 26 443
633 70 992
679 136 284
277 841 973
67 645 176
789 324 248
553 102 433
377 56 927
563 366 8
872 227 567
655 954 491
378 213 864
253 229 431
70 212 902
215 113 979
712 470 703
803 519 717
536 88 118
232 941 286
279 964 152
592 587 11
765 721 146
397 399 806
821 425 757
460 769 421
774 350 951
522 139 34
355 947 957
925 258 615
135 372 319
965 493 196
991 816 429
36 195 899
876 698 518
598 725 170
640 138 269
510 874 218
626 467 67
962 470 520
259 772 462
229 846 121
520 57 850
45 748 68
821 414 634
647 729 454
276 88 241
143 301 466
345 86 699
917 8 203
873 666 169
216 344 937
723 800 552
942 822 83
65 514 359
199 934 518
678 440 28
789 805 931
39 210 115
367 974 960
730 670 896
369 694 563
360 569 784
396 69 299
753 185 964
436 115 997
738 159 476
413 676 681
532 23 42
182 825 869
844 843 57
618 195 318
121 604 787
331 131 90
15 792 541
16 182 427
895 809 397
171 892 332
693 236 662
498 334 271
164 575 780
112 13 327
121 722 625
771 291 32
837 324 727
70 504 416
694 752 244
194 727 64
511 102 862
294 98 693
867 347 777
646 566 374
661 103 418
931 735 906
543 9 478
562 236 227
10 328 20
665 210 201
937 336 35
731 279 527
89 432 986
731 595 113
994 606 802
271 62 819
99 718 295
501 366 60
502 808 621
104 297 560
344 206 234
929 825 938
352 671 780
634 266 959
969 417 473
614 668 954
653 936 485
634 843 275
548 561 182
341 943 273
668 660 632
536 914 773
56 243 498
62 121 172
443 784 834
638 418 39
835 757 24
284 548 876
796 237 346
137 91 267
10 235 821
788 96 615
274 706 330
183 748 405
32 477 646
404 783 263
326 353 7
851 631 846
530 916 74
586 46 813
205 312 204
566 61 834
265 589 769
90 61 862
142 162 403
6 234 237
992 420 235
628 1000 890
928 821 789
795 603 122
905 941 733
118 262 944
930 749 635
391 15 196
322 791 569
702 928 470
727 913 989
879 731 1
757 322 229
859 342 264
161 477 986
896 506 772
39 996 55
389 438 216
324 816 1
891 692 458
968 142 342
282 726 349
246 438 799
388 309 55
20 181 835
883 555 543
356 113 513
216 369 370
409 582 705
886 178 258
719 692 923
14 918 871
738 113 450
277 846 48
641 489 545
575 490 404
842 537 204
663 778 508
122 444 790
961 557 94
980 859 939
734 697 869
295 959 146
696 865 684
122 357 624
689 524 352
69 936 121
559 737 925
51 650 569
427 787 154
977 808 192
534 951 814
626 820 938
508 262 429
323 125 354
92 282 167
148 592 292
439 630 312
499 83 668
127 583 735
881 217 756
916 951 836
363 926 853
162 542 461
446 118 430
431 240 820
871 115 498
247 959 9
113 293 35
72 317 765
274 848 984
693 614 450
279 885 632
429 723 520
427 210 714
907 876 34
210 366 344
942 6 676
415 270 52
718 511 742
573 564 140
383 583 222
663 426 16
48 757 283
852 541 145
595 201 885
356 661 737
346 276 270
759 183 547
983 894 898
794 692 366
164 917 714
600 398 248
845 196 494
282 511 56
130 409 440
628 244 951
410 493 399
708 708 895
873 323 970
126 98 673
971 974 844
419 355 225
138 104 385
897 102 832
739 191 982
322 553 604
887 212 440
653 189 606
545 972 98
256 121 205
141 406 841
566 828 240
416 619 853
663 480 856
393 37 654
81 282 221
118 854 55
539 511 899
638 100 51
671 545 633
458 323 644
872 247 966
677 588 307
446 973 518
704 161 990
148 312 53
6 600 376
229 163 412
983 877 687
782 412 488
79 358 303
408 942 647
885 509 127
677 34 873
722 724 155
788 462 418
834 636 689
886 709 696
268 784 744
740 843 402
330 575 203
576 574 659
700 540 900
29 89 269
439 38 117
497 607 297
785 417 938
166 588 428
254 38 602
758 355 376
864 874 959
435 830 278
25 245 837
214 650 868
580 204 961
579 894 214
822 135 38
24 641 179
750 276 828
1000 500 679
134 945 230
573 897 230
743 1000 239
839 762 797
409 27 23
400 871 409
580 482 239
872 246 199
863 714 16
869 997 606
474 201 770
574 286 36
194 166 135
823 168 79
211 346 735
394 19 19
275 872 264
533 49 194
768 143 821
549 713 879
243 304 678
62 552 361
327 494 881
644 142 369
292 645 407
844 102 441
39 836 340
352 521 64
126 142 445
439 793 194
730 371 797
126 669 542
830 440 211
339 438 112
235 881 227
651 599 971
196 295 196
636 138 433
952 697 557
875 684 911
429 434 211
103 570 759
418 695 790
916 47 892
329 441 294
68 653 247
594 800 691
134 546 282
733 506 181
451 646 907
606 464 975
253 555 998
692 940 994
195 214 628
973 935 698
321 145 492
82 322 921
634 938 92
248 182 93
396 391 571
913 172 203
81 977 674
722 437 274
597 416 954
488 922 685
879 673 94
482 792 394
733 436 633
273 586 871
824 251 199
718 467 558
423 106 986
578 923 930
430 644 474
802 498 523
876 599 361
830 225 105
848 997 837
714 958 480
455 390 705
837 979 395
706 302 764
356 20 289
494 880 984
274 971 752
829 134 76
921 183 193
762 295 157
203 501 123
159 559 893
422 168 780
303 142 552
7 491 400
566 152 852
143 500 924
71 899 98
203 72 654
72 539 641
667 990 853
555 360 255
726 210 758
101 144 13
702 966 58
180 326 16
342 965 701
537 34 647
891 930 673
688 52 684
554 917 782
396 153 105
537 883 877
304 527 169
58 147 844
67 751 598
864 378 331
304 634 119
492 924 175
564 88 486
164 604 447
767 536 37
377 221 397
917 196 493
569 883 712
482 359 136
367 330 380
437 727 543
279 430 170
243 680 16
824 224 757
111 571 951
536 355 931
480 869 388
475 913 595
531 436 602
832 683 168
80 186 520
434 160 996
119 388 607
901 846 625
472 695 877
28 885 263
334 985 961
976 488 794
358 725 714
85 755 335
614 332 976
699 36 188
68 632 689
451 63 815
927 531 228
564 807 140
337 604 268
609 178 463
874 146 970
952 343 650
460 499 760
18 426 743
936 325 219
132 180 573
314 966 978
414 301 506
196 906 195
320 767 405
985 402 361
41 479 444
874 189 510
213 650 369
261 317 716
550 765 391
953 723 953
377 192 515
162 153 268
309 466 578
982 108 135
816 461 137
803 240 308
589 897 620
971 443 434
758 184 93
362 866 367
86 156 408
143 904 93
698 712 783
511 491 146
518 420 57
847 608 143
93 492 570
885 425 875
815 249 881
229 787 169
36 942 757
451 596 649
950 340 589
375 743 578
507 498 267
136 735 118
544 658 555
514 452 706
819 675 205
362 839 978
601 851 638
127 351 790
117 142 926
120 761 265
285 267 249
358 587 779
479 570 16
790 657 846
155 96 555
842 621 317
959 943 261
40 968 297
166 940 554
60 862 689
246 86 489
298 982 126
774 116 948
428 543 633
303 201 127
526 872 312
447 778 442
645 401 104
273 756 945
326 364 925
928 503 566
239 115 510
145 211 492
652 820 75
399 172 270
602 488 741
571 181 355
760 432 147
947 683 897
273 183 188
947 801 355
290 726 515
443 864 51
868 933 627
799 359 767
743 46 922
350 917 172
474 929 400
176 593 661
384 674 471
290 190 806
294 742 745
65 939 665
440 651 130
961 17 614
289 47 498
686 271 497
38 522 142
969 722 866
208 670 320
225 974 425
580 853 94
987 69 405
925 189 670
306 339 200
838 16 31
391 549 191
147 241 520
726 834 259
334 31 686
398 571 433
566 196 725
945 664 353
734 130 52
640 106 552
386 643 537
15 219 863
55 737 518
495 586 143
124 32 731
911 878 405
25 968 192
659 114 274
317 632 876
113 893 624
955 796 236
880 68 176
645 279 65
835 967 769
893 926 518
734 763 850
101 546 466
990 491 855
356 207 372
56 207 250
882 662 707
318 403 801
653 558 28
135 747 173
854 641 369
482 912 262
932 598 293
511 253 452
264 502 944
753 461 81
638 996 914
27 576 111
942 660 485
774 784 143
389 616 619
53 678 780
432 729 327
86 165 356
180 866 541
305 193 95
64 67 818
528 581 437
59 271 989
547 491 163
257 1000 399
132 943 247
220 276 136
461 388 112
742 967 845
231 980 184
70 522 902
206 667 117
868 830 539
301 688 612
873 619 952
312 1000 864
888 829 666
449 704 4
442 884 822
529 513 803
933 508 662
266 310 986
305 220 454
589 58 578
264 377 565
830 300 976
377 829 297
473 890 571
46 349 475
484 823 594
255 632 678
91 410 662
633 263 660
388 715 81
238 958 789
193 704 205
965 265 762
986 783 218
266 939 236
935 749 933
401 314 345
556 193 735
106 990 293
494 323 894
187 588 56
96 573 708
698 480 468
969 275 168
812 400 443
337 809 724
721 362 59
138 325 439
382 454 198
635 260 197
928 106 335
677 376 360
10 938 227
110 792 330
156 310 623
955 36 877
158 51 663
840 77 880
709 866 307
946 718 157
814 958 841
575 318 60
718 991 35
499 171 648
385 35 996
597 769 419
631 389 674
540 271 314
583 190 510
748 962 658
817 523 545
727 167 949
457 433 882
637 433 303
913 829 552
987 277 13
113 392 850
36 141 727
824 598 946
778 251 254
803 949 304
806 823 290
514 598 767
708 91 585
226 630 342
718 596 540
829 253 831
842 54 696
39 132 188
220 149 958
651 344 676
933 571 22
328 261 457
447 192 245
459 300 289
360 546 170
213 797 373
886 107 33
35 809 777
723 417 813
952 409 469
697 127 169
594 826 354
90 846 451
836 388 144
349 35 901
421 762 27
774 212 119
742 597 161
73 690 452
616 649 659
570 435 554
395 665 309
746 135 824
495 48 268
929 730 477
194 29 63
862 591 239
540 105 311
231 232 205
275 184 777
175 655 787
779 714 113
413 163 487
590 343 957
238 215 109
923 68 269
889 303 397
688 640 899
331 934 229
319 719 490
301 547 480
99 467 702
930 376 853
798 393 576
823 824 46
