11
10
10
13
9
18
12
16
10
9
10
10
13
13
11
15
14
13
11
8
15
11
9
11
9
19
11
17
13
16
14
10
11
14
18
17
8
5
22
12
12
16
16
12
19
7
11
16
13
9
14
9
15
15
13
9
13
14
7
14
18
12
16
21
13
20
18
13
14
17
8
16
12
9
20
5
11
6
13
6
14
12
14
15
12
14
7
9
15
15
10
14
17
11
15
9
7
8
12
15
11
6
16
6
12
18
14
16
10
8
14
11
17
14
6
9
11
13
10
8
15
15
11
12
11
7
14
14
14
14
12
15
14
15
15
10
15
12
7
15
11
10
5
12
12
12
10
13
11
17
11
10
11
16
14
14
15
13
9
13
16
17
9
10
14
15
11
15
9
8
13
17
12
5
9
12
6
8
7
16
17
13
10
6
15
12
12
14
7
7
12
13
18
10
15
18
12
13
13
18
14
11
5
12
16
10
13
10
8
13
10
12
12
10
11
18
9
6
18
5
15
11
3
12
13
12
12
13
11
13
18
6
14
12
17
15
12
14
14
12
11
10
16
11
10
11
12
15
12
16
10
14
13
15
13
5
11
16
19
11
9
21
6
16
11
10
7
9
11
12
11
17
6
11
12
16
12
7
11
18
12
13
2
9
13
13
17
12
11
8
11
10
11
7
10
14
11
13
16
8
12
10
14
14
11
17
12
14
7
9
6
12
12
9
10
9
3
12
13
11
9
15
8
15
13
17
11
10
11
15
9
12
13
10
13
15
9
14
21
19
17
19
15
12
18
11
12
9
13
10
11
10
9
11
4
10
18
10
13
14
15
12
11
15
8
9
16
11
14
19
13
16
12
10
19
12
17
11
17
15
17
11
12
11
12
14
16
15
14
10
18
11
6
18
12
20
10
10
21
11
13
13
6
20
14
12
6
8
8
9
10
16
11
14
16
17
9
11
9
12
14
14
5
12
16
7
13
18
14
15
19
15
13
16
9
12
14
17
19
10
5
16
16
11
9
12
9
11
7
5
24
15
11
5
19
17
7
10
12
13
10
14
11
11
8
18
10
13
16
14
10
13
20
22
10
15
13
16
15
14
12
8
10
12
12
11
12
7
18
6
8
7
13
6
17
11
9
9
10
7
19
9
13
11
13
10
7
13
10
11
10
13
13
15
16
8
11
6
15
16
6
5
10
14
8
11
14
12
6
10
9
15
10
9
8
8
15
10
16
12
14
15
13
10
7
15
16
9
10
9
9
13
7
12
7
10
15
15
8
13
15
17
9
6
13
16
16
16
12
10
10
8
12
14
13
11
15
11
14
7
5
9
19
7
13
15
13
10
15
14
16
12
18
9
13
13
19
9
7
10
8
16
14
11
13
13
13
18
14
14
20
8
9
17
14
7
16
10
14
13
13
5
8
11
4
14
13
10
8
10
11
16
18
13
7
17
14
16
10
10
13
11
14
13
14
10
13
10
15
12
15
12
6
11
12
12
13
12
9
12
16
9
9
17
4
21
12
20
11
13
1
12
6
15
15
7
14
11
7
12
12
18
14
12
11
16
7
15
12
18
14
16
4
9
12
17
19
15
11
9
12
11
20
10
7
10
7
11
6
7
15
4
18
6
8
14
15
13
10
9
17
12
23
12
7
11
16
12
10
5
16
14
10
15
13
11
12
21
13
15
12
21
7
18
12
11
8
15
19
11
8
11
18
15
9
9
12
17
14
10
16
16
15
7
14
7
12
8
10
7
19
8
12
11
12
19
13
11
13
7
11
10
15
14
10
17
11
11
12
11
10
7
8
17
11
8
7
6
8
11
17
10
7
15
12
16
9
15
12
12
10
13
14
12
14
8
17
11
18
12
14
15
10
11
6
15
16
19
13
12
13
15
7
13
12
8
12
8
15
7
13
12
13
17
13
17
17
19
9
12
10
12
19
11
14
10
14
16
8
18
2
3
10
17
7
13
8
8
6
15
11
10
8
14
16
11
11
18
13
12
13
14
14
15
12
18
12
13
12
11
12
16
7
17
13
10
13
10
12
16
16
9
12
5
15
7
5
8
12
17
12
11
15
9
10
8
10
13
16
16
16
16
10
14
9
14
12
12
9
13
12
16
16
4
14
15
9
15
10
16
9
13
13
13
7
8
12
17
6
4
16
7
21
6
13
12
11
18
15
13
9
11
19
14
12
15
12
7
12
12
5
9
12
10
12
15
10
16
10
14
12
15
12
9
11
11
6
6
15
10
9
8
12
12
16
14
14
8
16
9
