1000 1000 14
1 2
2 3
1 4
1 5
1 6
5 7
4 8
7 9
2 10
9 11
2 12
3 13
7 14
10 15
1 16
13 17
14 18
1 19
9 20
7 21
16 22
8 23
22 24
1 25
16 26
17 27
13 28
8 29
9 30
1 31
11 32
26 33
17 34
29 35
14 36
7 37
17 38
32 39
39 40
17 41
35 42
27 43
34 44
17 45
13 46
17 47
25 48
14 49
39 50
31 51
34 52
39 53
47 54
31 55
16 56
17 57
27 58
26 59
39 60
48 61
3 62
50 63
19 64
26 65
33 66
18 67
66 68
55 69
65 70
58 71
56 72
24 73
15 74
23 75
26 76
43 77
23 78
56 79
30 80
12 81
76 82
82 83
24 84
57 85
74 86
6 87
17 88
86 89
58 90
61 91
19 92
77 93
32 94
57 95
2 96
22 97
70 98
37 99
67 100
43 101
22 102
57 103
43 104
100 105
43 106
35 107
98 108
90 109
55 110
4 111
42 112
39 113
18 114
110 115
12 116
52 117
36 118
53 119
84 120
25 121
7 122
94 123
48 124
47 125
91 126
56 127
61 128
48 129
112 130
13 131
129 132
124 133
103 134
31 135
17 136
29 137
101 138
127 139
65 140
51 141
60 142
33 143
95 144
79 145
20 146
105 147
125 148
64 149
82 150
146 151
24 152
96 153
11 154
50 155
89 156
62 157
14 158
54 159
71 160
102 161
87 162
161 163
61 164
54 165
109 166
60 167
159 168
91 169
25 170
112 171
118 172
124 173
40 174
154 175
14 176
5 177
123 178
176 179
46 180
144 181
64 182
11 183
42 184
108 185
121 186
25 187
141 188
90 189
45 190
125 191
64 192
58 193
127 194
27 195
17 196
61 197
125 198
56 199
38 200
37 201
20 202
189 203
128 204
183 205
145 206
137 207
64 208
167 209
32 210
87 211
72 212
182 213
70 214
178 215
110 216
86 217
177 218
41 219
114 220
123 221
178 222
122 223
60 224
171 225
142 226
195 227
2 228
78 229
179 230
211 231
225 232
189 233
89 234
176 235
96 236
14 237
126 238
39 239
109 240
214 241
199 242
187 243
133 244
5 245
82 246
223 247
119 248
204 249
81 250
8 251
232 252
29 253
91 254
127 255
86 256
184 257
91 258
135 259
17 260
99 261
188 262
89 263
257 264
178 265
71 266
108 267
152 268
203 269
82 270
212 271
57 272
34 273
105 274
204 275
170 276
188 277
16 278
158 279
247 280
175 281
48 282
100 283
102 284
4 285
253 286
123 287
143 288
131 289
1 290
22 291
21 292
213 293
109 294
268 295
72 296
44 297
151 298
236 299
64 300
76 301
143 302
17 303
5 304
267 305
228 306
192 307
31 308
189 309
96 310
243 311
138 312
176 313
296 314
79 315
307 316
52 317
307 318
22 319
5 320
298 321
316 322
59 323
78 324
312 325
66 326
16 327
5 328
91 329
120 330
268 331
220 332
183 333
274 334
246 335
29 336
305 337
194 338
119 339
300 340
223 341
238 342
58 343
199 344
333 345
314 346
194 347
315 348
81 349
199 350
293 351
120 352
239 353
264 354
158 355
170 356
300 357
205 358
177 359
135 360
118 361
32 362
98 363
180 364
338 365
251 366
358 367
232 368
36 369
24 370
53 371
125 372
277 373
156 374
101 375
90 376
111 377
150 378
371 379
159 380
211 381
56 382
254 383
51 384
144 385
380 386
310 387
277 388
382 389
279 390
217 391
362 392
159 393
380 394
330 395
59 396
302 397
96 398
291 399
256 400
260 401
187 402
84 403
326 404
53 405
267 406
256 407
250 408
87 409
324 410
179 411
321 412
254 413
319 414
190 415
94 416
367 417
90 418
96 419
377 420
8 421
275 422
172 423
267 424
301 425
400 426
405 427
304 428
320 429
217 430
198 431
319 432
321 433
247 434
219 435
114 436
162 437
336 438
125 439
242 440
147 441
434 442
256 443
73 444
69 445
262 446
267 447
31 448
170 449
257 450
426 451
178 452
195 453
60 454
420 455
295 456
304 457
218 458
450 459
75 460
90 461
54 462
47 463
363 464
235 465
320 466
300 467
17 468
187 469
30 470
154 471
313 472
236 473
423 474
340 475
361 476
178 477
252 478
10 479
104 480
67 481
243 482
304 483
336 484
63 485
85 486
157 487
473 488
328 489
242 490
29 491
213 492
242 493
394 494
27 495
360 496
482 497
400 498
172 499
126 500
198 501
166 502
303 503
456 504
66 505
98 506
405 507
221 508
248 509
215 510
293 511
489 512
313 513
328 514
216 515
445 516
312 517
133 518
433 519
27 520
469 521
226 522
183 523
353 524
138 525
87 526
346 527
237 528
182 529
198 530
379 531
416 532
266 533
412 534
356 535
163 536
350 537
122 538
27 539
444 540
91 541
256 542
345 543
225 544
523 545
49 546
185 547
503 548
435 549
498 550
226 551
206 552
422 553
467 554
15 555
451 556
220 557
204 558
313 559
95 560
103 561
103 562
325 563
487 564
282 565
255 566
307 567
109 568
350 569
437 570
242 571
555 572
511 573
248 574
484 575
266 576
443 577
98 578
116 579
78 580
506 581
193 582
302 583
170 584
541 585
580 586
461 587
467 588
370 589
292 590
216 591
114 592
165 593
138 594
148 595
272 596
240 597
155 598
550 599
435 600
91 601
146 602
291 603
411 604
500 605
538 606
197 607
579 608
135 609
25 610
303 611
81 612
406 613
126 614
357 615
377 616
481 617
236 618
527 619
297 620
437 621
461 622
226 623
267 624
624 625
554 626
488 627
417 628
343 629
15 630
273 631
290 632
54 633
608 634
118 635
472 636
290 637
464 638
332 639
233 640
49 641
356 642
593 643
566 644
83 645
566 646
537 647
469 648
274 649
291 650
19 651
515 652
14 653
597 654
303 655
19 656
265 657
148 658
45 659
507 660
447 661
309 662
102 663
110 664
189 665
506 666
246 667
496 668
361 669
341 670
588 671
410 672
23 673
406 674
273 675
394 676
581 677
674 678
678 679
280 680
8 681
343 682
344 683
42 684
155 685
209 686
232 687
325 688
94 689
666 690
518 691
109 692
559 693
679 694
365 695
429 696
321 697
694 698
261 699
224 700
409 701
598 702
627 703
445 704
347 705
531 706
703 707
269 708
264 709
607 710
86 711
152 712
666 713
309 714
483 715
310 716
590 717
644 718
333 719
690 720
560 721
418 722
87 723
328 724
705 725
54 726
356 727
242 728
275 729
342 730
501 731
636 732
366 733
451 734
230 735
499 736
444 737
673 738
671 739
677 740
417 741
594 742
159 743
334 744
346 745
577 746
70 747
518 748
225 749
213 750
27 751
304 752
239 753
48 754
743 755
218 756
680 757
432 758
603 759
433 760
521 761
130 762
156 763
614 764
20 765
302 766
631 767
341 768
761 769
297 770
683 771
7 772
342 773
366 774
119 775
566 776
551 777
717 778
328 779
534 780
250 781
559 782
762 783
653 784
427 785
358 786
344 787
537 788
287 789
443 790
8 791
767 792
300 793
108 794
570 795
256 796
167 797
581 798
45 799
460 800
724 801
14 802
466 803
721 804
496 805
539 806
200 807
360 808
89 809
510 810
728 811
760 812
587 813
430 814
563 815
614 816
276 817
382 818
386 819
49 820
28 821
180 822
799 823
585 824
749 825
466 826
167 827
413 828
63 829
130 830
744 831
553 832
75 833
617 834
399 835
133 836
367 837
9 838
576 839
237 840
440 841
742 842
72 843
761 844
758 845
311 846
722 847
714 848
714 849
581 850
273 851
146 852
362 853
17 854
806 855
100 856
834 857
193 858
774 859
177 860
152 861
419 862
667 863
13 864
64 865
509 866
216 867
582 868
867 869
519 870
801 871
260 872
363 873
634 874
623 875
349 876
429 877
307 878
606 879
170 880
429 881
429 882
57 883
565 884
776 885
332 886
579 887
716 888
636 889
327 890
127 891
522 892
394 893
12 894
80 895
457 896
657 897
738 898
637 899
172 900
429 901
151 902
467 903
483 904
244 905
824 906
154 907
67 908
273 909
328 910
157 911
273 912
509 913
886 914
446 915
721 916
136 917
595 918
422 919
3 920
300 921
136 922
629 923
523 924
405 925
126 926
182 927
607 928
416 929
48 930
56 931
839 932
783 933
673 934
352 935
930 936
746 937
744 938
107 939
607 940
103 941
100 942
654 943
938 944
346 945
403 946
5 947
471 948
473 949
69 950
765 951
645 952
648 953
708 954
606 955
707 956
88 957
5 958
639 959
581 960
140 961
1 962
732 963
516 964
518 965
832 966
486 967
863 968
45 969
728 970
262 971
42 972
497 973
939 974
89 975
970 976
836 977
512 978
586 979
866 980
882 981
423 982
146 983
34 984
17 985
198 986
234 987
189 988
685 989
756 990
498 991
920 992
756 993
759 994
208 995
345 996
98 997
755 998
815 999
739 1000
263 300 263
973 15 973
621 803 621
161 142 161
90 153 90
335 913 335
71 653 71
786 391 786
615 616 615
523 64 523
879 23 879
378 920 378
876 123 876
306 829 306
103 496 103
639 977 639
24 734 24
945 606 945
830 7 830
32 55 32
478 310 478
983 137 983
359 40 359
54 237 54
723 683 723
847 353 847
377 856 377
629 968 629
916 211 916
159 454 159
983 171 983
13 946 13
644 881 644
914 642 914
729 933 729
60 394 60
117 461 117
810 265 810
619 999 619
897 1 897
245 804 245
225 104 225
309 365 309
25 368 25
866 979 866
177 642 177
595 285 595
686 833 686
817 287 817
57 888 57
141 937 141
312 988 312
556 200 556
587 975 587
58 351 58
19 604 19
435 615 435
539 974 539
505 24 505
787 353 787
325 948 325
194 416 194
584 944 584
509 502 509
759 476 759
339 368 339
657 605 657
496 982 496
996 554 996
828 339 828
202 26 202
762 443 762
638 21 638
137 370 137
676 685 676
838 951 838
108 994 108
629 136 629
567 439 567
653 247 653
108 234 108
186 960 186
540 740 540
477 733 477
115 198 115
850 867 850
35 51 35
311 70 311
187 954 187
669 729 669
462 327 462
788 828 788
77 775 77
381 95 381
334 607 334
738 236 738
64 901 64
152 681 152
629 186 629
339 258 339
281 584 281
286 111 286
900 374 900
526 92 526
547 120 547
363 892 363
262 577 262
225 557 225
121 415 121
278 733 278
292 576 292
206 107 206
521 815 521
602 976 602
10 809 10
668 59 668
684 921 684
380 30 380
403 612 403
154 308 154
283 828 283
326 697 326
673 766 673
695 618 695
53 557 53
898 1 898
992 832 992
60 644 60
583 979 583
298 397 298
620 860 620
309 407 309
547 934 547
503 734 503
88 649 88
493 845 493
364 736 364
976 496 976
632 216 632
601 441 601
984 420 984
861 35 861
177 656 177
935 213 935
88 973 88
387 342 387
984 654 984
416 334 416
885 449 885
442 550 442
569 80 569
235 133 235
436 143 436
797 446 797
314 996 314
347 474 347
459 318 459
809 288 809
79 27 79
763 133 763
588 847 588
688 820 688
55 699 55
440 445 440
625 381 625
919 230 919
742 269 742
663 509 663
121 44 121
319 28 319
37 203 37
232 924 232
963 879 963
1 512 1
927 70 927
58 347 58
481 37 481
285 260 285
110 910 110
488 989 488
63 790 63
883 388 883
78 169 78
99 114 99
764 113 764
178 105 178
936 257 936
897 285 897
992 473 992
528 283 528
250 105 250
599 327 599
919 722 919
739 278 739
269 664 269
770 524 770
141 629 141
791 568 791
439 313 439
963 109 963
259 531 259
936 362 936
402 953 402
924 157 924
953 825 953
674 278 674
614 946 614
557 512 557
12 343 12
614 184 614
251 558 251
963 56 963
818 343 818
671 449 671
537 863 537
522 267 522
29 268 29
533 520 533
148 678 148
41 2 41
372 672 372
361 650 361
458 177 458
711 372 711
360 594 360
834 123 834
887 530 887
188 786 188
974 310 974
566 53 566
819 902 819
251 420 251
856 766 856
876 393 876
178 770 178
262 661 262
266 218 266
977 156 977
605 684 605
272 154 272
634 539 634
896 900 896
951 240 951
538 401 538
79 973 79
663 275 663
387 416 387
976 823 976
629 910 629
895 868 895
701 738 701
787 178 787
344 721 344
659 532 659
790 164 790
172 18 172
335 535 335
397 731 397
676 730 676
358 282 358
564 520 564
508 932 508
121 890 121
309 363 309
170 93 170
458 41 458
259 79 259
909 19 909
78 481 78
356 770 356
404 420 404
277 706 277
9 353 9
618 375 618
507 411 507
613 717 613
260 241 260
66 284 66
668 286 668
556 695 556
910 424 910
567 581 567
99 37 99
455 429 455
210 125 210
503 411 503
863 649 863
750 841 750
141 395 141
284 271 284
157 814 157
792 658 792
71 514 71
2 324 2
186 872 186
850 146 850
327 168 327
970 481 970
685 655 685
843 880 843
53 664 53
150 992 150
813 259 813
267 511 267
370 520 370
77 441 77
663 415 663
740 535 740
571 97 571
208 835 208
483 201 483
592 314 592
318 273 318
589 116 589
528 63 528
140 970 140
228 12 228
484 710 484
428 792 428
141 794 141
16 332 16
392 165 392
65 921 65
474 322 474
215 942 215
551 295 551
149 941 149
282 352 282
865 191 865
204 451 204
554 930 554
814 27 814
343 277 343
812 30 812
229 345 229
937 201 937
126 162 126
232 882 232
842 485 842
710 980 710
474 189 474
770 623 770
768 855 768
802 257 802
943 163 943
738 183 738
386 121 386
20 82 20
517 278 517
386 189 386
302 953 302
201 580 201
306 588 306
352 862 352
49 840 49
539 356 539
740 682 740
315 244 315
515 395 515
404 853 404
959 209 959
153 174 153
103 152 103
655 773 655
428 529 428
384 268 384
887 252 887
608 554 608
859 101 859
851 810 851
453 204 453
397 783 397
459 327 459
319 58 319
597 450 597
835 619 835
816 412 816
293 288 293
57 706 57
581 948 581
380 906 380
809 88 809
133 693 133
17 352 17
529 945 529
996 835 996
509 949 509
133 597 133
878 543 878
503 514 503
620 337 620
250 434 250
192 511 192
848 898 848
327 226 327
742 334 742
276 788 276
329 194 329
849 598 849
296 559 296
27 778 27
902 57 902
656 276 656
215 966 215
805 549 805
775 651 775
567 921 567
571 177 571
72 349 72
502 957 502
606 131 606
855 745 855
219 882 219
242 215 242
400 147 400
303 478 303
79 196 79
197 578 197
60 279 60
174 791 174
422 957 422
746 91 746
631 303 631
242 631 242
790 233 790
58 431 58
663 639 663
763 685 763
415 814 415
160 776 160
547 966 547
712 731 712
492 945 492
626 783 626
754 990 754
893 153 893
816 520 816
714 322 714
649 709 649
514 155 514
25 382 25
886 976 886
849 826 849
420 552 420
153 580 153
60 91 60
184 651 184
233 5 233
290 516 290
794 613 794
999 678 999
431 210 431
186 123 186
260 62 260
548 870 548
733 892 733
616 55 616
286 70 286
234 535 234
950 707 950
862 134 862
811 782 811
710 213 710
962 956 962
992 129 992
998 636 998
35 57 35
239 569 239
515 368 515
761 167 761
641 221 641
863 528 863
626 999 626
932 687 932
513 345 513
163 746 163
94 841 94
224 106 224
164 510 164
376 270 376
372 323 372
131 251 131
605 651 605
983 262 983
475 331 475
917 995 917
437 581 437
771 647 771
478 737 478
4 901 4
910 411 910
78 575 78
423 598 423
572 228 572
666 394 666
612 410 612
205 172 205
195 56 195
4 773 4
68 270 68
792 613 792
731 386 731
175 905 175
747 953 747
467 160 467
632 156 632
311 128 311
515 71 515
513 360 513
580 293 580
317 299 317
763 984 763
404 879 404
289 524 289
375 53 375
920 882 920
922 99 922
638 794 638
263 948 263
332 547 332
288 278 288
724 37 724
243 346 243
540 298 540
396 356 396
315 699 315
574 69 574
391 414 391
685 224 685
199 972 199
149 787 149
510 143 510
486 7 486
489 123 489
716 409 716
758 301 758
548 976 548
715 774 715
938 197 938
757 102 757
836 371 836
330 93 330
218 866 218
588 612 588
409 457 409
850 559 850
484 628 484
408 910 408
877 876 877
302 772 302
757 292 757
319 222 319
366 64 366
159 78 159
306 76 306
200 251 200
171 113 171
334 953 334
194 302 194
723 576 723
623 982 623
196 870 196
869 170 869
539 909 539
229 693 229
322 394 322
560 886 560
112 661 112
277 800 277
412 653 412
771 466 771
177 712 177
814 192 814
562 352 562
812 724 812
505 833 505
53 945 53
369 206 369
93 704 93
696 715 696
486 38 486
70 647 70
780 596 780
565 448 565
672 949 672
524 953 524
547 458 547
770 643 770
94 109 94
975 928 975
120 662 120
728 879 728
619 222 619
874 31 874
317 42 317
140 119 140
677 744 677
102 88 102
602 223 602
721 568 721
934 64 934
691 233 691
401 735 401
143 908 143
456 608 456
946 559 946
339 192 339
563 776 563
103 239 103
667 104 667
810 498 810
808 33 808
683 120 683
524 548 524
263 652 263
62 291 62
342 174 342
539 76 539
933 931 933
506 210 506
67 439 67
542 430 542
5 684 5
382 828 382
449 727 449
656 688 656
324 948 324
377 926 377
279 696 279
821 803 821
571 45 571
729 543 729
976 744 976
488 442 488
637 618 637
798 763 798
792 99 792
812 75 812
638 326 638
738 17 738
271 778 271
538 917 538
994 345 994
544 199 544
662 356 662
602 243 602
964 220 964
34 188 34
385 987 385
429 657 429
113 823 113
743 359 743
20 433 20
849 909 849
108 408 108
428 374 428
225 131 225
469 167 469
475 15 475
89 314 89
737 477 737
360 244 360
258 14 258
367 553 367
729 128 729
780 232 780
735 389 735
368 412 368
879 73 879
72 203 72
382 382 382
470 883 470
909 620 909
509 565 509
150 166 150
88 310 88
638 136 638
824 141 824
243 29 243
97 405 97
215 715 215
849 390 849
486 351 486
827 26 827
136 809 136
674 219 674
51 843 51
235 918 235
771 840 771
980 286 980
265 491 265
966 98 966
12 479 12
950 292 950
592 460 592
636 783 636
698 47 698
510 579 510
934 903 934
387 896 387
565 562 565
524 118 524
842 889 842
359 383 359
777 827 777
381 528 381
301 304 301
95 901 95
851 85 851
901 56 901
294 846 294
27 46 27
657 695 657
31 301 31
365 314 365
716 749 716
623 216 623
841 626 841
986 804 986
867 76 867
783 343 783
586 884 586
943 744 943
470 926 470
392 485 392
175 161 175
796 287 796
160 865 160
28 183 28
359 19 359
922 441 922
168 247 168
419 365 419
322 406 322
123 878 123
164 972 164
508 8 508
688 775 688
152 919 152
70 269 70
564 683 564
825 678 825
138 872 138
831 503 831
408 112 408
872 901 872
45 632 45
843 893 843
480 534 480
828 33 828
202 3 202
84 447 84
597 672 597
193 824 193
669 31 669
378 48 378
118 977 118
508 317 508
927 829 927
259 646 259
733 686 733
973 576 973
837 98 837
103 168 103
335 372 335
505 290 505
392 350 392
110 91 110
372 618 372
936 64 936
622 827 622
597 77 597
67 410 67
12 405 12
401 114 401
142 847 142
106 460 106
75 957 75
39 346 39
791 429 791
733 34 733
469 984 469
283 729 283
38 543 38
958 171 958
441 764 441
890 191 890
10 773 10
524 361 524
308 790 308
409 928 409
180 191 180
7 861 7
578 531 578
564 858 564
359 891 359
699 237 699
466 170 466
186 808 186
581 163 581
354 123 354
133 180 133
80 429 80
732 54 732
671 369 671
998 975 998
771 12 771
824 902 824
729 11 729
776 567 776
307 150 307
618 155 618
893 382 893
483 431 483
412 701 412
344 398 344
248 191 248
704 615 704
431 720 431
998 16 998
900 510 900
983 790 983
961 927 961
101 779 101
448 483 448
294 490 294
674 58 674
954 249 954
221 473 221
716 782 716
104 492 104
657 757 657
6 833 6
790 164 790
645 244 645
683 64 683
712 361 712
136 299 136
768 814 768
133 637 133
964 583 964
151 314 151
792 791 792
226 703 226
33 240 33
175 502 175
142 447 142
780 185 780
260 469 260
864 545 864
635 931 635
54 286 54
628 919 628
134 932 134
671 675 671
892 907 892
298 410 298
280 783 280
181 920 181
678 442 678
799 823 799
119 574 119
579 146 579
810 961 810
361 838 361
155 78 155
350 449 350
129 730 129
319 651 319
970 160 970
279 433 279
21 540 21
602 606 602
577 806 577
119 666 119
64 770 64
479 665 479
736 661 736
552 928 552
816 603 816
427 981 427
536 50 536
527 559 527
897 162 897
46 550 46
943 704 943
460 219 460
586 983 586
900 344 900
200 296 200
317 255 317
868 965 868
191 193 191
196 866 196
643 483 643
743 310 743
249 536 249
212 316 212
979 802 979
600 581 600
338 893 338
322 56 322
256 588 256
135 10 135
845 986 845
237 907 237
127 65 127
124 188 124
352 641 352
478 316 478
859 607 859
85 793 85
355 783 355
73 578 73
114 157 114
328 50 328
817 289 817
717 769 717
312 879 312
911 933 911
541 998 541
918 175 918
835 292 835
940 915 940
879 877 879
49 386 49
927 486 927
554 788 554
752 408 752
449 452 449
995 185 995
702 440 702
178 439 178
210 50 210
484 967 484
748 968 748
68 9 68
748 577 748
409 859 409
478 84 478
28 616 28
297 515 297
575 220 575
682 350 682
526 243 526
97 673 97
85 163 85
459 726 459
92 186 92
109 665 109
811 248 811
755 136 755
687 628 687
338 818 338
863 313 863
854 220 854
366 940 366
672 502 672
360 875 360
33 829 33
284 173 284
323 928 323
847 830 847
516 732 516
807 35 807
233 150 233
115 227 115
132 245 132
751 204 751
461 192 461
700 40 700
742 418 742
139 661 139
282 946 282
347 471 347
329 544 329
291 273 291
435 599 435
880 907 880
946 263 946
585 214 585
665 871 665
907 580 907
701 414 701
369 338 369
565 955 565
280 21 280
113 175 113
716 534 716
641 454 641
5 339 5
133 382 133
671 169 671
562 366 562
662 391 662
505 480 505
378 423 378
344 772 344
828 63 828
183 890 183
